-0.03 -0.01 30000.0001311307
-0.018 -0.01 0.0
-0.005999999999999998 -0.01 0.0
0.006000000000000005 -0.01 0.0
0.018000000000000002 -0.01 0.0
0.03 -0.01 0.0
-0.03 -0.006 0.0
-0.018 -0.006 0.0
-0.005999999999999998 -0.006 0.0
0.006000000000000005 -0.006 0.0
0.018000000000000002 -0.006 0.0
0.03 -0.006 0.0
-0.03 -0.002 0.0
-0.018 -0.002 0.0
-0.005999999999999998 -0.002 0.0
0.006000000000000005 -0.002 0.0
0.018000000000000002 -0.002 0.0
0.03 -0.002 0.0
-0.03 0.002 0.0
-0.018 0.002 0.0
-0.005999999999999998 0.002 0.0
0.006000000000000005 0.002 0.0
0.018000000000000002 0.002 0.0
0.03 0.002 0.0
-0.03 0.006 0.0
-0.018 0.006 0.0
-0.005999999999999998 0.006 0.0
0.006000000000000005 0.006 0.0
0.018000000000000002 0.006 0.0
0.03 0.006 0.0
-0.03 0.01 0.0
-0.018 0.01 0.0
-0.005999999999999998 0.01 0.0
0.006000000000000005 0.01 0.0
0.018000000000000002 0.01 0.0
0.03 0.01 0.0
